000
017
013
013
000
000
000
013
060
000
062
063
064
013
087
000
013
013
013
000
000
000
000
109
110
000
013
113
114
000
000
123
013
125
126
013
000
000
130
131
132
133
000
000
013
013
154
000
173
174
013
000
013
206
000
000
013
000
017
019
000
026
016
016
000
000
016
000
063
016
085
087
088
000
090
016
000
094
016
108
000
110
016
016
000
000
000
118
016
016
016
000
127
128
129
130
131
132
133
150
000
000
000
154
016
173
000
199
000
016
016
207
000
016
013
000
019
017
026
017
017
017
000
000
062
000
064
000
087
017
000
090
017
000
017
000
000
017
000
111
000
000
000
117
118
123
124
000
000
017
017
000
000
131
132
133
150
017
152
153
017
155
173
174
199
000
017
017
017
017
017
000
000
017
025
019
037
058
000
060
000
019
063
000
000
000
000
019
000
092
093
019
019
000
000
110
000
000
000
000
019
019
000
000
000
000
127
000
019
019
019
000
133
150
000
152
153
000
019
000
019
019
203
205
019
019
208
209
025
000
000
025
026
037
025
025
000
025
025
025
064
000
000
000
025
090
000
000
000
025
000
025
110
111
112
000
025
025
000
123
124
000
000
000
000
025
130
000
025
025
000
151
000
153
025
155
025
025
025
000
025
025
000
208
209
026
016
000
000
025
026
058
026
000
061
062
026
000
085
087
026
089
026
092
026
000
107
026
109
000
111
112
000
114
000
118
123
026
026
026
026
000
000
026
131
026
000
026
151
152
026
026
026
000
026
026
026
205
026
000
026
026
000
000
000
000
037
000
037
037
037
037
000
000
064
085
037
037
037
090
000
000
037
037
037
109
110
037
000
000
037
037
037
037
124
037
037
037
037
129
000
131
000
000
037
037
037
037
000
037
000
000
000
203
000
206
000
000
209
058
016
000
058
000
058
037
000
000
061
062
063
000
058
000
088
089
000
058
000
058
000
058
000
000
058
112
113
114
000
000
123
000
058
058
127
128
000
000
000
132
058
150
058
152
153
000
155
000
058
000
000
000
206
207
058
209
000
016
059
019
059
000
000
059
000
000
059
059
000
085
087
000
000
059
092
093
000
107
108
059
059
000
112
059
000
117
000
123
059
059
059
000
000
000
000
000
132
133
150
000
059
000
059
059
059
174
059
000
059
206
000
000
059
000
000
017
019
025
026
037
058
000
061
060
060
060
085
060
088
000
060
000
060
094
060
000
060
060
060
112
000
000
000
118
000
124
125
000
060
060
060
000
060
000
000
060
060
152
000
154
000
060
060
060
060
060
206
207
060
000
000
000
061
061
061
000
000
000
059
061
061
061
064
061
000
000
061
090
061
061
061
061
061
000
110
111
061
113
114
000
000
061
124
125
061
000
128
129
130
061
061
000
061
000
000
153
061
155
000
000
199
203
205
000
061
061
209
000
016
000
019
025
000
062
058
000
062
000
000
064
000
062
088
000
090
000
000
094
000
108
062
110
111
062
062
114
117
000
000
000
125
000
000
128
129
130
062
132
062
000
151
000
000
000
000
173
000
000
062
062
000
000
062
209
063
016
000
000
025
063
000
063
000
000
063
063
064
000
087
088
089
090
092
063
063
000
063
000
000
111
112
000
063
117
000
000
124
000
063
127
128
000
063
000
132
133
063
000
152
000
000
063
000
174
000
063
063
000
000
208
000
064
064
064
019
025
064
037
058
000
000
000
062
063
085
064
064
000
064
064
093
064
000
108
109
110
111
112
113
064
064
064
064
064
125
064
127
000
064
130
131
064
064
150
151
064
064
064
000
064
064
064
064
205
064
064
208
064
085
000
017
019
000
026
000
000
000
000
000
000
000
085
085
085
000
090
092
093
094
000
108
085
110
085
112
085
000
085
085
123
085
085
085
085
000
129
130
131
085
085
085
085
085
085
154
085
000
000
000
085
085
085
000
208
085
087
087
000
087
087
000
087
087
087
087
000
000
063
087
085
000
089
000
092
000
000
107
087
000
110
000
112
113
114
000
000
087
087
125
000
087
128
087
087
131
000
000
000
000
152
000
000
087
173
000
000
203
000
000
000
208
087
013
088
017
000
025
088
037
000
000
088
061
000
063
088
000
087
089
000
000
093
000
088
088
109
000
000
112
088
000
088
000
000
124
088
126
000
128
088
130
000
088
133
088
151
000
088
088
155
088
088
199
203
000
000
088
208
000
013
089
017
019
089
089
000
058
000
000
061
089
089
089
089
000
088
089
089
000
000
107
089
000
000
089
000
000
114
089
089
