0
17
19
13
0
0
58
0
60
61
13
63
64
13
0
0
13
13
92
13
94
13
0
109
0
13
13
13
114
117
13
123
124
125
13
0
13
129
130
0
132
0
150
0
152
0
0
0
13
13
13
0
205
13
207
0
209
0
0
16
25
16
0
16
0
60
0
16
16
0
0
0
88
0
0
92
16
94
0
0
0
110
16
0
113
16
16
16
16
16
125
0
16
128
129
130
16
132
133
16
0
152
153
0
155
173
16
199
0
16
0
16
16
0
13
17
17
25
0
17
0
0
17
61
17
63
17
0
0
17
89
0
92
93
94
107
0
17
0
0
112
0
114
17
17
0
17
0
126
17
0
129
130
131
132
17
17
0
0
0
0
155
0
17
199
203
205
17
0
17
209
0
0
19
19
0
0
0
0
0
0
62
19
64
0
19
88
89
19
0
19
94
19
108
0
110
19
19
19
19
