0.84
0.75
1.03
0.81
0.74
0.81
0.84
0.73
0.71
0.76
0.82
0.73
0.8
0.66
0.71
0.73
0.8
0.79
0.79
0.83
0.79
0.78
0.87
0.72
0.76
0.75
0.82
0.78
0.68
0.75
0.74
0.66
0.82
0.86
0.78
0.72
0.84
1.06
0.81
0.76
0.84
0.77
0.79
0.74
0.82
0.74
0.76
0.76
0.79
0.82
0.98
0.95
0.87
0.86
0.85
0.83
0.83
0.98
0.86
0.85
0.77
0.79
0.68
0.73
0.74
0.85
0.92
1.03
0.91
0.88
1.19
1.0
1.0
0.92
0.81
0.78
0.96
1.21
1.2
1.09
1.0
0.89
0.93
1.01
0.82
0.76
0.92
0.9
0.86
0.85
0.91
0.77
0.82
0.89
1.12
0.9
0.84
0.83
0.86
0.86
0.73
0.89
0.81
0.81
0.81
0.75
0.73
0.78
0.76
0.88
0.81
0.83
0.86
0.98
0.88
0.85
0.88
0.66
0.89
0.91
0.93
0.87
0.84
0.77
0.8
0.81
0.78
0.67
0.69
0.78
0.89
0.94
0.88
0.76
0.67
0.77
0.98
0.74
0.83
0.71
0.81
0.76
0.67
0.81
0.89
0.65
0.77
0.77
0.65
0.72
0.76
1.06
1.02
1.06
1.35
1.1
0.96
0.79
0.85
0.76
1.31
1.08
0.96
0.93
0.95
0.74
0.92
0.79
0.88
1.31
1.03
0.9
0.97
1.26
0.82
0.74
1.01
1.12
0.94
0.82
0.88
0.87
1.06
0.98
0.73
0.72
0.76
1.13
0.85
0.93
0.79
0.91
0.84
0.74
0.87
0.93
0.87
1.11
0.85
0.88
