1.49381
1.546258
1.484741
1.33705
1.564538
1.586361
1.338764
1.356098
1.499946
1.612667
1.545903
1.542972
1.585007
1.280879
1.359793
1.489734
1.399066
1.390877
1.545267
1.573184
1.536952
1.590583
1.403413
1.358245
1.432573
1.387788
1.464821
1.665357
1.442986
1.658509
1.59532
1.475118
1.532968
1.671023
1.445967
1.705278
1.79823
1.858672
1.711224
1.789561
1.879926
2.037292
1.748824
1.574937
1.702891
2.038691
2.066069
1.938982
1.803636
1.379965
1.702492
1.9515
2.034995
1.883671
2.004444
1.993721
1.700363
2.062661
1.862478
1.801742
1.732901
1.914101
2.168711
1.692169
1.647142
1.798884
1.895199
1.883158
1.717602
1.753757
1.639505
1.498686
1.672204
1.537197
1.530709
1.58517
1.695406
1.624431
1.727324
1.467741
1.52435
1.562017
1.837143
1.675507
1.647836
1.669627
1.839658
1.888307
1.719086
1.859109
1.884592
1.627168
1.955552
1.771219
1.970584
1.675584
1.833097
1.822999
1.905338
1.688068
1.690417
1.715995
1.905395
1.962355
1.863981
1.693777
1.629893
1.750647
1.795297
1.681788
1.69565
1.728027
1.651043
1.693348
1.589056
1.636074
1.641841
1.658335
1.689301
1.817026
1.53176
1.609888
1.644115
1.847865
1.527325
1.632822
1.645771
1.509908
1.750877
1.720046
1.496129
1.61392
1.534188
1.708364
1.438144
1.520567
1.350061
1.311033
1.439373
1.400379
1.533193
1.404755
1.445648
1.586551
1.618647
1.477169
1.490333
1.576679
1.356097
1.606583
1.563343
1.630596
1.470929
1.5816
1.762588
1.555754
1.652051
1.343069
1.465488
1.709687
1.785674
1.564967
1.546797
1.510685
1.427892
1.543533
1.524914
1.472946
1.570979
1.584953
1.555104
1.55178
1.48541
1.530253
1.309073
1.508974
1.777011
1.589108
1.469005
1.679632
1.80358
1.687733
1.639269
1.732308
1.505921
1.435914
1.495727
1.435647
1.414276
1.712655
1.469928
1.58133
1.558154
1.38631
1.371727
1.492335
1.437088
1.856884
1.652118
1.728562
1.596351
1.74501
1.406624
1.498546
1.485666
1.426451
1.559028
1.50173
1.603271
1.822072
1.754484
1.828917
2.030034
1.715465
1.573486
1.771524
1.993605
2.822692
2.120512
1.664052
1.823738
1.805413
1.761218
1.789996
1.845475
1.869789
1.855214
1.576336
1.814524
1.713414
1.73081
1.795268
1.680831
1.8087
1.615496
1.787083
1.863403
1.835394
1.635662
1.561621
1.714725
1.419269
1.519017
1.416004
1.514864
1.719852
1.67221
1.619375
1.541349
1.777018
The average time is: 1.6508276240000006
